   130    416.12   126    409.69
   130    416.12   126    409.69
   131    416.66   125    409.15
   130    416.66   126    409.15
   130    408.38   126    417.43
   129    401.19   127    424.62
   129    401.19   127    424.62
   129    399.90   127    425.91
   129    396.36   127    429.45
   129    402.72   127    423.08
   129    402.72   127    423.08
   129    408.05   127    417.76
   129    405.52   127    420.29
   129    407.76   127    418.05
   129    407.76   127    418.05
   129    408.85   127    416.96
   129    410.80   127    415.01
   129    408.02   127    417.79
   129    412.28   127    413.52
   129    412.28   127    413.52
   128    405.49   128    420.31
   128    407.76   128    418.05
   128    413.43   128    412.38
   128    408.40   128    417.41
   129    404.16   127    421.65
   130    397.74   126    428.07
   130    398.09   126    427.71
   130    405.43   126    420.38
   129    405.43   127    420.38
   128    398.15   128    427.66
   129    409.55   127    416.26
   129    404.28   127    421.52
   129    400.51   127    425.29
   129    401.27   127    424.54
   130    399.96   126    425.85
   130    392.67   126    433.14
   130    392.67   126    433.14
   130    395.97   126    429.83
   130    400.27   126    425.53
   130    400.27   126    425.53
   130    387.82   126    437.99
   130    391.69   126    434.11
   130    402.11   126    423.70
   130    395.73   126    430.07
   130    395.73   126    430.07
   131    394.69   125    431.11
   132    393.21   124    432.59
   132    392.02   124    433.79
   131    400.27   125    425.54
   132    400.02   124    425.78
   132    398.37   124    427.44
   132    398.37   124    427.44
   132    400.54   124    425.27
   132    401.15   124    424.66
   131    401.15   125    424.66
   131    401.15   125    424.66
   131    392.75   125    433.05
   132    394.12   124    431.68
   131    394.12   125    431.68
   132    401.26   124    424.54
   132    399.66   124    426.15
   132    400.54   124    425.26
   132    400.54   124    425.26
   132    400.54   124    425.26
   131    400.24   125    425.56
   131    400.24   125    425.56
   131    391.54   125    434.26
   131    386.29   125    439.52
   131    384.48   125    441.33
   131    384.48   125    441.33
   131    384.48   125    441.33
   132    382.21   124    443.59
   132    382.81   124    443.00
   131    389.73   125    436.07
   131    389.73   125    436.07
   131    385.58   125    440.23
   131    385.58   125    440.23
   131    389.05   125    436.75
   131    382.03   125    443.77
   131    381.73   125    444.07
   131    392.68   125    433.13
   130    391.81   126    434.00
   131    386.32   125    439.49
   131    386.32   125    439.49
   131    386.32   125    439.49
   131    390.94   125    434.87
   131    386.53   125    439.28
   131    395.83   125    429.98
   132    395.83   124    429.98
   132    388.99   124    436.81
   132    401.38   124    424.43
   132    401.38   124    424.43
   132    401.38   124    424.43
   132    394.39   124    431.42
   132    385.03   124    440.78
   132    392.80   124    433.00
   133    386.05   123    439.76
   133    386.05   123    439.76
   133    379.35   123    446.46
   133    385.11   123    440.70
   133    385.11   123    440.70
   133    385.64   123    440.17
   133    385.64   123    440.17
   133    381.71   123    444.09
   133    384.16   123    441.65
   133    382.35   123    443.45
   133    382.53   123    443.28
   133    382.53   123    443.28
   133    382.53   123    443.28
   133    382.53   123    443.28
   132    382.13   124    443.67
   132    382.13   124    443.67
   130    382.13   126    443.67
   130    380.86   126    444.95
   130    380.86   126    444.95
   131    382.25   125    443.56
   132    380.25   124    445.56
   133    385.50   123    440.31
   133    385.50   123    440.31
   133    385.50   123    440.31
   134    385.50   122    440.31
   134    385.37   122    440.44
   134    378.64   122    447.17
   134    382.05   122    443.76
   133    382.05   123    443.76
   133    379.29   123    446.52
   132    388.45   124    437.36
   132    378.86   124    446.94
   132    377.05   124    448.76
   132    376.50   124    449.30
   132    376.50   124    449.30
   132    368.08   124    457.73
   133    371.09   123    454.72
   134    375.43   122    450.37
   134    382.17   122    443.64
   134    382.17   122    443.64
   133    385.20   123    440.61
   134    389.03   122    436.77
   133    389.14   123    436.66
   134    383.92   122    441.89
   134    382.92   122    442.88
   134    383.10   122    442.70
   134    382.60   122    443.20
   136    382.60   120    443.20
   136    382.60   120    443.20
   136    382.60   120    443.20
   136    382.60   120    443.20
   136    382.60   120    443.20
   135    382.60   121    443.20
   136    382.34   120    443.46
   136    378.69   120    447.12
   136    378.69   120    447.12
   135    386.39   121    439.41
   135    395.65   121    430.16
   135    395.65   121    430.16
   136    395.65   120    430.16
   135    395.65   121    430.16
   135    392.18   121    433.62
   135    402.62   121    423.19
   134    397.55   122    428.26
   133    399.18   123    426.63
   133    399.18   123    426.63
   134    399.18   122    426.63
   133    387.35   123    438.46
   134    394.16   122    431.65
   134    385.27   122    440.53
   133    385.27   123    440.53
   134    386.98   122    438.82
   134    382.58   122    443.23
   134    387.82   122    437.99
   134    392.51   122    433.30
   134    392.51   122    433.30
   135    392.51   121    433.30
   135    392.51   121    433.30
   135    404.15   121    421.66
   136    398.55   120    427.26
   136    398.55   120    427.26
   136    398.55   120    427.26
   137    395.71   119    430.10
   137    395.71   119    430.10
   136    395.71   120    430.10
   136    391.93   120    433.87
   137    391.93   119    433.87
   137    389.02   119    436.78
   138    398.77   118    427.04
   138    401.59   118    424.21
   139    401.59   117    424.21
   139    401.59   117    424.21
   139    401.48   117    424.32
   140    398.69   116    427.12
   141    389.81   115    435.99
   142    392.77   114    433.04
   142    392.77   114    433.04
   142    392.77   114    433.04
   142    400.72   114    425.09
   142    404.05   114    421.75
   142    400.95   114    424.86
   142    409.06   114    416.74
   141    396.63   115    429.18
   141    394.54   115    431.26
   130    416.12   126    409.69
   130    416.12   126    409.69
   131    416.66   125    409.15
   130    416.66   126    409.15
   130    408.38   126    417.43
   129    401.19   127    424.62
   129    401.19   127    424.62
   129    399.90   127    425.91
   129    396.36   127    429.45
   129    402.72   127    423.08
   129    402.72   127    423.08
   129    408.05   127    417.76
   129    405.52   127    420.29
   129    407.76   127    418.05
   129    407.76   127    418.05
   129    408.85   127    416.96
   129    410.80   127    415.01
   129    408.02   127    417.79
   129    412.28   127    413.52
   129    412.28   127    413.52
   128    405.49   128    420.31
   128    407.76   128    418.05
   128    413.43   128    412.38
   128    408.40   128    417.41
   129    404.16   127    421.65
   130    397.74   126    428.07
   130    398.09   126    427.71
   130    405.43   126    420.38
   129    405.43   127    420.38
   128    398.15   128    427.66
   129    409.55   127    416.26
   129    404.28   127    421.52
   129    400.51   127    425.29
   129    401.27   127    424.54
   130    399.96   126    425.85
   130    392.67   126    433.14
   130    392.67   126    433.14
   130    395.97   126    429.83
   130    400.27   126    425.53
   130    400.27   126    425.53
   130    387.82   126    437.99
   130    391.69   126    434.11
   130    402.11   126    423.70
   130    395.73   126    430.07
   130    395.73   126    430.07
   131    394.69   125    431.11
   132    393.21   124    432.59
   132    392.02   124    433.79
   131    400.27   125    425.54
   132    400.02   124    425.78
   132    398.37   124    427.44
   132    398.37   124    427.44
   132    400.54   124    425.27
   132    401.15   124    424.66
   131    401.15   125    424.66
   131    401.15   125    424.66
   131    392.75   125    433.05
   132    394.12   124    431.68
   131    394.12   125    431.68
   132    401.26   124    424.54
   132    399.66   124    426.15
   132    400.54   124    425.26
   132    400.54   124    425.26
   132    400.54   124    425.26
   131    400.24   125    425.56
   131    400.24   125    425.56
   131    391.54   125    434.26
   131    386.29   125    439.52
   131    384.48   125    441.33
   131    384.48   125    441.33
   131    384.48   125    441.33
   132    382.21   124    443.59
   132    382.81   124    443.00
   131    389.73   125    436.07
   131    389.73   125    436.07
   131    385.58   125    440.23
   131    385.58   125    440.23
   131    389.05   125    436.75
   131    382.03   125    443.77
   131    381.73   125    444.07
   131    392.68   125    433.13
   130    391.81   126    434.00
   131    386.32   125    439.49
   131    386.32   125    439.49
   131    386.32   125    439.49
   131    390.94   125    434.87
   131    386.53   125    439.28
   131    395.83   125    429.98
   132    395.83   124    429.98
   132    388.99   124    436.81
   132    401.38   124    424.43
   132    401.38   124    424.43
   132    401.38   124    424.43
   132    394.39   124    431.42
   132    385.03   124    440.78
   132    392.80   124    433.00
   133    386.05   123    439.76
   133    386.05   123    439.76
   133    379.35   123    446.46
   133    385.11   123    440.70
   133    385.11   123    440.70
   133    385.64   123    440.17
   133    385.64   123    440.17
   133    381.71   123    444.09
   133    384.16   123    441.65
   133    382.35   123    443.45
   133    382.53   123    443.28
   133    382.53   123    443.28
   133    382.53   123    443.28
   133    382.53   123    443.28
   132    382.13   124    443.67
   132    382.13   124    443.67
   130    382.13   126    443.67
   130    380.86   126    444.95
   130    380.86   126    444.95
   131    382.25   125    443.56
   132    380.25   124    445.56
   133    385.50   123    440.31
   133    385.50   123    440.31
   133    385.50   123    440.31
   134    385.50   122    440.31
   134    385.37   122    440.44
   134    378.64   122    447.17
   134    382.05   122    443.76
   133    382.05   123    443.76
   133    379.29   123    446.52
   132    388.45   124    437.36
   132    378.86   124    446.94
   132    377.05   124    448.76
   132    376.50   124    449.30
   132    376.50   124    449.30
   132    368.08   124    457.73
   133    371.09   123    454.72
   134    375.43   122    450.37
   134    382.17   122    443.64
   134    382.17   122    443.64
   133    385.20   123    440.61
   134    389.03   122    436.77
   133    389.14   123    436.66
   134    383.92   122    441.89
   134    382.92   122    442.88
   134    383.10   122    442.70
   134    382.60   122    443.20
   136    382.60   120    443.20
   136    382.60   120    443.20
   136    382.60   120    443.20
   136    382.60   120    443.20
   136    382.60   120    443.20
   135    382.60   121    443.20
   136    382.34   120    443.46
   136    378.69   120    447.12
   136    378.69   120    447.12
   135    386.39   121    439.41
   135    395.65   121    430.16
   135    395.65   121    430.16
   136    395.65   120    430.16
   135    395.65   121    430.16
   135    392.18   121    433.62
   135    402.62   121    423.19
   134    397.55   122    428.26
   133    399.18   123    426.63
   133    399.18   123    426.63
   134    399.18   122    426.63
   133    387.35   123    438.46
   134    394.16   122    431.65
   134    385.27   122    440.53
   133    385.27   123    440.53
   134    386.98   122    438.82
   134    382.58   122    443.23
   134    387.82   122    437.99
   134    392.51   122    433.30
   134    392.51   122    433.30
   135    392.51   121    433.30
   135    392.51   121    433.30
   135    404.15   121    421.66
   136    398.55   120    427.26
   136    398.55   120    427.26
   136    398.55   120    427.26
   137    395.71   119    430.10
   137    395.71   119    430.10
   136    395.71   120    430.10
   136    391.93   120    433.87
   137    391.93   119    433.87
   137    389.02   119    436.78
   138    398.77   118    427.04
   138    401.59   118    424.21
   139    401.59   117    424.21
   139    401.59   117    424.21
   139    401.48   117    424.32
   140    398.69   116    427.12
   141    389.81   115    435.99
   142    392.77   114    433.04
   142    392.77   114    433.04
   142    392.77   114    433.04
   142    400.72   114    425.09
   142    404.05   114    421.75
   142    400.95   114    424.86
   142    409.06   114    416.74
   141    396.63   115    429.18
   141    394.54   115    431.26
   128    429.42   128    396.38
   128    429.42   128    396.38
   128    430.38   128    395.42
   128    423.17   128    402.64
   128    428.12   128    397.69
   128    430.61   128    395.19
   128    432.36   128    393.45
   128    429.83   128    395.97
   128    429.81   128    395.99
   128    424.21   128    401.59
   128    428.52   128    397.28
   128    431.04   128    394.77
   129    425.40   127    400.41
   129    424.48   127    401.32
   129    424.48   127    401.32
   129    424.48   127    401.32
   129    421.88   127    403.93
   129    418.27   127    407.54
   129    418.69   127    407.12
   129    426.38   127    399.43
   129    421.08   127    404.73
   129    422.55   127    403.26
   129    425.81   127    400.00
   129    424.95   127    400.85
   129    424.95   127    400.85
   129    424.95   127    400.85
   129    418.62   127    407.19
   129    422.74   127    403.07
   129    414.49   127    411.32
   129    404.72   127    421.09
   129    407.54   127    418.27
   129    415.25   127    410.55
   129    413.77   127    412.04
   129    415.90   127    409.90
   130    415.11   126    410.70
   130    421.72   126    404.08
   130    421.72   126    404.08
   130    417.52   126    408.29
   130    415.84   126    409.96
   130    414.61   126    411.19
   130    414.61   126    411.19
   130    414.61   126    411.19
   130    416.55   126    409.26
   131    416.55   125    409.26
   131    426.16   125    399.65
   131    421.52   125    404.29
   130    421.52   126    404.29
   130    425.34   126    400.47
   130    428.33   126    397.48
   130    428.33   126    397.48
   130    428.33   126    397.48
   130    423.10   126    402.71
   130    429.36   126    396.45
   130    420.44   126    405.37
   130    427.90   126    397.91
   130    427.90   126    397.91
   130    427.90   126    397.91
   130    430.08   126    395.73
   130    430.08   126    395.73
   130    435.57   126    390.24
   129    432.61   127    393.20
   128    438.03   128    387.78
   127    429.26   129    396.54
   128    434.67   128    391.14
   127    434.24   129    391.57
   127    442.72   129    383.09
   127    442.72   129    383.09
   127    439.46   129    386.34
   127    426.92   129    398.89
   127    433.94   129    391.87
   127    431.80   129    394.01
   126    434.58   130    391.22
   126    430.01   130    395.80
   126    426.46   130    399.35
   126    422.60   130    403.20
   126    432.49   130    393.32
   126    431.00   130    394.80
   126    431.00   130    394.80
   126    431.00   130    394.80
   124    430.69   132    395.12
   123    428.84   133    396.96
   123    428.69   133    397.11
   123    439.62   133    386.18
   123    437.45   133    388.35
   123    430.75   133    395.05
   124    429.89   132    395.92
   123    425.83   133    399.98
   123    438.33   133    387.47
   122    438.33   134    387.47
   122    439.47   134    386.34
   123    439.47   133    386.34
   122    434.29   134    391.51
   121    434.29   135    391.51
   121    434.29   135    391.51
   119    428.98   137    396.83
   119    430.08   137    395.72
   119    439.99   137    385.82
   119    439.99   137    385.82
   119    431.07   137    394.74
   119    436.47   137    389.34
   119    436.47   137    389.34
   119    439.47   137    386.34
   119    439.80   137    386.01
   119    439.80   137    386.01
   118    439.80   138    386.01
   118    433.14   138    392.66
   118    433.14   138    392.66
   118    440.50   138    385.30
   117    446.23   139    379.58
   117    438.39   139    387.42
   117    444.27   139    381.54
   117    448.19   139    377.62
   117    448.19   139    377.62
   117    446.34   139    379.47
   117    445.97   139    379.84
   118    442.90   138    382.90
   118    442.90   138    382.90
   119    441.55   137    384.25
   118    447.68   138    378.13
   118    447.68   138    378.13
   118    442.17   138    383.64
   118    446.73   138    379.07
   118    446.73   138    379.07
   118    444.15   138    381.65
   118    444.59   138    381.22
   119    444.59   137    381.22
   120    444.59   136    381.22
   120    449.20   136    376.61
   120    445.03   136    380.78
   120    446.82   136    378.98
   120    454.77   136    371.03
   121    452.37   135    373.44
   121    452.37   135    373.44
   121    451.69   135    374.12
   121    446.06   135    379.75
   122    451.40   134    374.40
   122    448.48   134    377.32
   122    444.31   134    381.50
   122    435.20   134    390.61
   122    433.22   134    392.58
   122    433.22   134    392.58
   122    448.44   134    377.37
   122    448.71   134    377.09
   122    448.71   134    377.09
   122    445.60   134    380.21
   121    445.60   135    380.21
   121    435.76   135    390.05
   121    435.76   135    390.05
   121    435.76   135    390.05
   121    426.77   135    399.04
   121    431.77   135    394.04
   121    431.77   135    394.04
   121    432.95   135    392.85
   121    429.02   135    396.79
   120    431.30   136    394.50
   121    436.99   135    388.81
   121    433.09   135    392.71
   120    433.09   136    392.71
   120    428.08   136    397.73
   120    428.08   136    397.73
   120    419.06   136    406.74
   120    431.09   136    394.72
   120    431.09   136    394.72
   121    420.61   135    405.19
   121    420.61   135    405.19
   121    432.44   135    393.36
   121    434.34   135    391.47
   121    433.97   135    391.84
   120    432.59   136    393.22
   120    431.72   136    394.09
   120    431.72   136    394.09
   119    436.87   137    388.94
   119    436.87   137    388.94
   119    436.87   137    388.94
   118    436.87   138    388.94
   117    436.87   139    388.94
   116    437.83   140    387.98
   116    430.83   140    394.98
   116    436.53   140    389.27
   117    427.67   139    398.14
   117    424.37   139    401.43
   117    424.37   139    401.43
   117    424.37   139    401.43
   117    446.36   139    379.45
   117    446.36   139    379.45
   117    440.44   139    385.37
   118    438.22   138    387.58
   118    438.22   138    387.58
   118    438.22   138    387.58
   118    434.95   138    390.86
   118    425.34   138    400.46
   118    425.34   138    400.46
   118    439.51   138    386.30
   118    433.57   138    392.23
   118    433.57   138    392.23
   118    438.15   138    387.65
   118    440.91   138    384.90
   118    447.41   138    378.40
   118    443.04   138    382.76
   118    443.04   138    382.76
   129    430.10   127    395.71
   130    430.10   126    395.71
   131    430.10   125    395.71
   130    435.79   126    390.01
   132    435.26   124    390.54
   131    432.19   125    393.61
   131    429.95   125    395.86
   130    427.39   126    398.42
   130    429.68   126    396.13
   131    424.00   125    401.81
   130    426.12   126    399.69
   130    429.72   126    396.08
   130    429.72   126    396.08
   128    434.44   128    391.36
   128    432.81   128    393.00
   128    423.17   128    402.64
   128    423.17   128    402.64
   128    420.35   128    405.45
   128    426.01   128    399.80
   127    428.57   129    397.24
   127    429.01   129    396.79
   128    427.26   128    398.54
   128    430.57   128    395.24
   127    431.41   129    394.40
   127    431.07   129    394.74
   128    434.68   128    391.13
   130    429.99   126    395.81
   129    429.93   127    395.87
   129    425.68   127    400.13
   128    410.43   128    415.38
   129    412.60   127    413.20
   128    416.32   128    409.49
   128    416.32   128    409.49
   129    415.20   127    410.61
   128    414.29   128    411.51
   128    426.31   128    399.50
   129    419.69   127    406.12
   128    415.43   128    410.38
   126    415.45   130    410.35
   126    414.21   130    411.60
   125    405.46   131    420.35
   125    402.72   131    423.09
   124    402.72   132    423.09
   125    402.72   131    423.09
   125    407.98   131    417.82
   125    408.51   131    417.30
   124    401.99   132    423.81
   125    406.01   131    419.79
   125    406.01   131    419.79
   126    411.55   130    414.26
   125    419.29   131    406.52
   123    407.17   133    418.63
   121    410.28   135    415.53
   120    405.85   136    419.96
   120    409.11   136    416.69
   122    414.34   134    411.46
   122    409.58   134    416.23
   122    402.94   134    422.87
   124    406.92   132    418.89
   123    409.33   133    416.48
   122    400.39   134    425.42
   120    393.14   136    432.67
   121    397.44   135    428.37
   122    402.57   134    423.24
   122    402.11   134    423.70
   124    402.11   132    423.70
   124    405.91   132    419.90
   124    405.91   132    419.90
   123    396.27   133    429.54
   123    403.15   133    422.65
   122    401.69   134    424.11
   123    401.69   133    424.11
   121    401.69   135    424.11
   121    406.13   135    419.68
   123    402.07   133    423.73
   122    409.85   134    415.96
   121    409.85   135    415.96
   119    409.85   137    415.96
   119    409.85   137    415.96
   117    411.49   139    414.32
   117    395.17   139    430.63
   119    394.96   137    430.85
   120    407.47   136    418.34
   120    400.56   136    425.25
   121    400.56   135    425.25
   122    399.32   134    426.48
   120    393.54   136    432.26
   119    390.43   137    435.38
   120    390.43   136    435.38
   119    395.00   137    430.81
   119    395.00   137    430.81
   120    400.16   136    425.64
   121    400.16   135    425.64
   118    400.16   138    425.64
   120    387.94   136    437.87
   120    387.94   136    437.87
   122    387.94   134    437.87
   123    389.64   133    436.17
   123    389.64   133    436.17
   124    397.34   132    428.47
   121    378.26   135    447.55
   120    377.64   136    448.16
   120    378.11   136    447.69
   120    378.11   136    447.69
   120    378.11   136    447.69
   120    376.08   136    449.72
   119    376.08   137    449.72
   120    376.08   136    449.72
   119    376.35   137    449.45
   120    373.57   136    452.24
   120    382.44   136    443.36
   121    370.38   135    455.43
   119    364.59   137    461.21
   119    365.59   137    460.21
   119    369.32   137    456.49
   120    379.51   136    446.30
   121    379.51   135    446.30
   122    386.43   134    439.38
   122    386.74   134    439.06
   123    386.74   133    439.06
   123    378.75   133    447.06
   123    385.37   133    440.44
   124    392.35   132    433.45
   125    387.85   131    437.96
   126    396.27   130    429.53
   125    390.36   131    435.45
   123    385.28   133    440.52
   124    391.36   132    434.44
   124    391.36   132    434.44
   125    374.43   131    451.38
   127    376.07   129    449.74
   128    376.07   128    449.74
   128    375.08   128    450.72
   126    385.86   130    439.95
   127    376.19   129    449.62
   129    383.95   127    441.86
   128    383.95   128    441.86
   129    383.95   127    441.86
   129    379.24   127    446.56
   130    364.08   126    461.73
   129    364.08   127    461.73
   129    377.32   127    448.49
   131    377.32   125    448.49
   132    377.32   124    448.49
   132    380.69   124    445.11
   129    380.69   127    445.11
   129    382.84   127    442.97
   129    382.84   127    442.97
   128    382.84   128    442.97
   127    385.37   129    440.44
   127    385.37   129    440.44
   127    385.37   129    440.44
   128    407.87   128    417.93
   129    402.15   127    423.65
   129    402.15   127    423.65
   129    411.34   127    414.47
   130    420.84   126    404.96
   130    420.84   126    404.96
   131    409.36   125    416.44
   132    409.36   124    416.44
   132    397.17   124    428.64
   134    398.28   122    427.53
   134    409.69   122    416.12
   136    409.69   120    416.12
   137    397.78   119    428.02
   139    401.13   117    424.68
   137    406.64   119    419.17
   138    406.14   118    419.66
   139    404.28   117    421.53
   139    393.67   117    432.13
   140    388.83   116    436.98
   141    388.83   115    436.98
   141    402.77   115    423.03
   141    387.27   115    438.54
   141    387.27   115    438.54
   143    387.27   113    438.54
   145    384.72   111    441.09
   146    400.24   110    425.57
   145    394.87   111    430.94
   144    394.87   112    430.94
   146    390.44   110    435.37
   147    385.00   109    440.81
   147    397.03   109    428.77
   145    414.68   111    411.13
   145    414.68   111    411.13
   145    406.65   111    419.15
   145    403.49   111    422.31
   143    403.49   113    422.31
   144    401.13   112    424.68
   146    401.13   110    424.68
   146    408.33   110    417.48
   145    408.33   111    417.48
   144    421.30   112    404.51
   143    421.30   113    404.51
   141    426.62   115    399.18
   141    430.65   115    395.15
   141    430.60   115    395.20
   142    430.60   114    395.20
   142    437.57   114    388.23
   143    449.61   113    376.19
   127    433.41   129    392.40
   127    433.41   129    392.40
   126    430.35   130    395.46
   129    422.69   127    403.11
   130    422.17   126    403.64
   128    424.70   128    401.11
   130    414.81   126    411.00
   130    412.30   126    413.51
   131    419.69   125    406.12
   131    418.92   125    406.89
   128    419.56   128    406.25
   127    415.96   129    409.84
   125    415.96   131    409.84
   126    408.28   130    417.53
   127    409.40   129    416.41
   125    401.20   131    424.61
   128    401.20   128    424.61
   129    404.55   127    421.26
   130    411.00   126    414.81
   129    412.18   127    413.63
   129    404.84   127    420.97
   129    402.36   127    423.45
   129    405.67   127    420.14
   129    404.71   127    421.09
   127    404.71   129    421.09
   127    405.10   129    420.71
   130    398.68   126    427.13
   129    396.81   127    429.00
   131    402.72   125    423.09
   131    398.31   125    427.50
   129    398.31   127    427.50
   130    397.29   126    428.51
   130    397.29   126    428.51
   133    392.99   123    432.82
   131    397.96   125    427.85
   130    394.59   126    431.22
   132    394.59   124    431.22
   135    390.33   121    435.48
   137    397.43   119    428.38
   138    397.43   118    428.38
   139    406.85   117    418.96
   140    406.85   116    418.96
   140    395.22   116    430.58
   140    387.21   116    438.60
   141    391.48   115    434.33
   141    386.61   115    439.19
   141    391.16   115    434.65
   142    391.22   114    434.59
   139    391.22   117    434.59
   137    396.15   119    429.66
   136    408.69   120    417.12
   136    394.31   120    431.49
   137    401.07   119    424.73
   136    385.70   120    440.11
   137    394.53   119    431.28
   134    384.53   122    441.27
   136    389.26   120    436.54
   136    391.28   120    434.53
   137    381.86   119    443.94
   137    384.26   119    441.55
   139    373.11   117    452.70
   140    386.08   116    439.72
   141    371.14   115    454.67
   139    382.70   117    443.11
   139    383.90   117    441.90
   141    383.90   115    441.90
   143    383.90   113    441.90
   143    383.90   113    441.90
   144    380.35   112    445.46
   146    380.35   110    445.46
   145    387.05   111    438.76
   146    398.36   110    427.45
   145    398.36   111    427.45
   143    396.85   113    428.96
   144    396.85   112    428.96
   145    404.62   111    421.19
   144    404.62   112    421.19
   144    404.62   112    421.19
   143    413.09   113    412.72
   144    413.09   112    412.72
   144    407.03   112    418.78
   144    396.89   112    428.91
   144    420.56   112    405.25
   146    426.56   110    399.24
   146    414.08   110    411.73
   145    414.08   111    411.73
   147    414.08   109    411.73
   148    414.08   108    411.73
   148    411.15   108    414.66
   150    403.04   106    422.77
   151    403.04   105    422.77
   151    403.04   105    422.77
   150    414.52   106    411.28
   152    414.52   104    411.28
   151    414.52   105    411.28
   149    420.13   107    405.68
   149    420.13   107    405.68
   151    427.31   105    398.49
   151    427.31   105    398.49
   151    427.31   105    398.49
   150    427.31   106    398.49
   151    426.81   105    399.00
   151    427.25   105    398.55
   153    427.25   103    398.55
   151    439.82   105    385.99
   149    413.76   107    412.04
   150    405.21   106    420.59
   152    415.25   104    410.56
   153    415.25   103    410.56
   153    415.25   103    410.56
   152    415.25   104    410.56
   153    415.25   103    410.56
   151    418.83   105    406.97
   151    419.78   105    406.02
   150    419.28   106    406.52
   150    417.47   106    408.34
   150    417.47   106    408.34
   150    417.47   106    408.34
   152    425.70   104    400.11
   152    425.70   104    400.11
   155    425.70   101    400.11
   154    432.22   102    393.58
   151    421.79   105    404.02
   152    421.79   104    404.02
   150    414.06   106    411.74
   148    415.72   108    410.09
   147    410.72   109    415.09
   148    420.43   108    405.38
   149    414.46   107    411.35
   149    407.08   107    418.73
   149    412.41   107    413.40
   151    418.33   105    407.48
   148    401.16   108    424.65
   149    411.80   107    414.01
   147    402.25   109    423.55
   149    409.92   107    415.89
   150    409.92   106    415.89
   149    409.44   107    416.37
   147    409.44   109    416.37
   149    407.09   107    418.71
   149    407.09   107    418.71
   148    412.92   108    412.89
   146    412.05   110    413.76
   144    412.05   112    413.76
   145    434.85   111    390.96
   144    425.12   112    400.69
   144    425.12   112    400.69
   143    425.12   113    400.69
   146    425.48   110    400.33
   147    425.48   109    400.33
   146    425.48   110    400.33
   147    405.61   109    420.20
   147    427.74   109    398.07
   147    429.02   109    396.79
   147    429.02   109    396.79
   148    440.52   108    385.29
   148    449.61   108    376.19
   145    436.79   111    389.01
   145    424.54   111    401.26
   148    428.31   108    397.50
   145    419.80   111    406.01
   146    419.80   110    406.01
   142    431.23   114    394.58
   140    442.31   116    383.50
   141    442.79   115    383.01
   140    450.38   116    375.42
   140    458.77   116    367.04
   141    450.95   115    374.86
   145    447.02   111    378.79
   144    452.39   112    373.41
   146    433.66   110    392.14
   145    433.66   111    392.14
   145    431.15   111    394.65
   146    431.15   110    394.65
   143    431.15   113    394.65
   145    431.15   111    394.65
   145    431.15   111    394.65
   145    454.20   111    371.61
   145    454.20   111    371.61
   143    475.28   113    350.52
   140    458.95   116    366.86
   143    450.83   113    374.98
   141    473.92   115    351.88
   140    475.36   116    350.45
   142    481.85   114    343.95
   142    501.07   114    324.74
   142    515.98   114    309.82
   144    522.34   112    303.46
   147    521.34   109    304.47
   147    503.35   109    322.46
   152    503.35   104    322.46
   152    503.35   104    322.46
   152    513.75   104    312.05
   149    513.75   107    312.05
   150    506.14   106    319.67
   151    509.72   105    316.09
   151    494.14   105    331.66
   151    494.14   105    331.66
   148    471.33   108    354.48
   147    471.33   109    354.48
