           1  -6.06535339      -6.44248056     -0.216021329     -0.187712029      0.313094050      0.306966484    
           2  -6.34699011      -6.62390327     -0.991597950     -0.687233686      0.313094050      0.306966484    
           3  -6.56446838      -6.51521111     -0.665778279      -1.12675726      0.315996647      0.304226696    
           4  -6.40674591      -6.23862886     -0.638790190     -0.736198425      0.309929341      0.310070693    
           5  -6.18218374      -6.32896852     -0.387516707     -0.423550695      0.305657923      0.314467221    
           6  -6.48539257      -6.28309107     -0.613992870     -0.130664870      0.305657923      0.314467221    
           7  -6.46814442      -6.47751713     -0.528341055     -0.388999432      0.304433972      0.315773338    
           8  -6.24991131      -6.33434105     -0.862435281     -0.375490516      0.307523996      0.312516212    
           9  -6.17299175      -6.20165825     -0.586700439     -0.541717768      0.305238008      0.314912915    
          10  -6.33618689      -6.42151308     -0.868330538     -0.563267112      0.306530505      0.313548923    
